0 0.17734375 0.796875 0.02578125 0.0125
0 0.36171875 0.953125 0.0125 0.01015625
0 0.08125 0.90546875 0.0125 0.0109375
0 0.38515625 0.8109375 0.01953125 0.009375
0 0.34921875 0.6640625 0.00625 0.00546875
0 0.35390625 0.72734375 0.009375 0.009375
0 0.45078125 0.6609375 0.01953125 0.00859375
0 0.3921875 0.6015625 0.01640625 0.0078125
0 0.28125 0.671875 0.0078125 0.0078125
0 0.4546875 0.58046875 0.01640625 0.0078125
0 0.7390625 0.94296875 0.01171875 0.0109375
0 0.78671875 0.86953125 0.0125 0.01171875
0 0.93046875 0.946875 0.01328125 0.0125
0 0.91328125 0.790625 0.009375 0.00703125
0 0.825 0.809375 0.021875 0.01015625
0 0.7015625 0.703125 0.01953125 0.01015625
0 0.94453125 0.67578125 0.0109375 0.01171875
0 0.63046875 0.72109375 0.01953125 0.009375
